{
  "camera_angle_x": 1.193253600187115,
  "camera_angle_y": 0.729870500244812,
  "fl_x": 1413.4354944546953,
  "fl_y": 1413.4354944546953,
  "k1": -0.013010682195102074,
  "k2": 0,
  "k3": 0,
  "k4": 0,
  "p1": 0,
  "p2": 0,
  "is_fisheye": false,
  "cx": 960.0,
  "cy": 540.0,
  "w": 1920.0,
  "h": 1080.0,
  "aabb_scale": 32,
  "frames": [
    {
      "file_path": "./18339090-hd_1920_1080_30fps\\images/frame_000001.jpg",
      "sharpness": 2247.800234267461,
      "transform_matrix": [
        [
          1.0,
          3.9545731255251364e-16,
          -2.611245892953524e-16,
          0.4949752218207294
        ],
        [
          3.9545731255251374e-16,
          -1.0,
          1.5306624267236747e-16,
          1.657443224413502
        ],
        [
          -2.611245892953524e-16,
          -1.5306624267236756e-16,
          -1.0,
          -5.355077673464623
        ],
        [
          0.0,
          0.0,
          0.0,
          1.0
        ]
      ]
    },
    {
      "file_path": "./18339090-hd_1920_1080_30fps\\images/frame_000002.jpg",
      "sharpness": 2030.9330612363142,
      "transform_matrix": [
        [
          0.999998488708256,
          0.0003043487150895114,
          -0.001711710566488513,
          0.49466505250013976
        ],
        [
          0.0003034868809743633,
          -0.9999998270758323,
          -0.0005037301048426056,
          1.6569469537597035
        ],
        [
          -0.0017118635801025488,
          0.0005032098618585024,
          -0.999998408150192,
          -5.351819345081606
        ],
        [
          0.0,
          0.0,
          0.0,
          1.0
        ]
      ]
    },
    {
      "file_path": "./18339090-hd_1920_1080_30fps\\images/frame_000003.jpg",
      "sharpness": 1993.965220215195,
      "transform_matrix": [
        [
          0.9999946074631882,
          0.0007049265053706358,
          -0.0032075104311822065,
          0.4942419736436769
        ],
        [
          0.0007012989513884256,
          -0.9999991134449043,
          -0.0011319404517408712,
          1.6561312778612214
        ],
        [
          -0.0032083055223744226,
          0.0011296849240083609,
          -0.9999942152770922,
          -5.347946559140176
        ],
        [
          0.0,
          0.0,
          0.0,
          1.0
        ]
      ]
    },
    {
      "file_path": "./18339090-hd_1920_1080_30fps\\images/frame_000004.jpg",
      "sharpness": 1884.8403520270372,
      "transform_matrix": [
        [
          0.9999890791061241,
          0.0012910936885594164,
          -0.0044916306140937645,
          0.4939529576924076
        ],
        [
          0.0012828938799721778,
          -0.999997506337796,
          -0.001827977429368302,
          1.655058023962565
        ],
        [
          -0.004493979503606156,
          0.0018221951807948712,
          -0.9999882418073447,
          -5.343502398146661
        ],
        [
          0.0,
          0.0,
          0.0,
          1.0
        ]
      ]
    },
    {
      "file_path": "./18339090-hd_1920_1080_30fps\\images/frame_000005.jpg",
      "sharpness": 2026.913445213535,
      "transform_matrix": [
        [
          0.9999825118385678,
          0.0019060482180273655,
          -0.005598481688748774,
          0.4937002965792684
        ],
        [
          0.0018925288669003899,
          -0.9999952830601664,
          -0.002419130402760627,
          1.6539161734534344
        ],
        [
          -0.0056030662602408465,
          0.0024084928084108477,
          -0.9999814022324992,
          -5.33853981670913
        ],
        [
          0.0,
          0.0,
          0.0,
          1.0
        ]
      ]
    },
    {
      "file_path": "./18339090-hd_1920_1080_30fps\\images/frame_000006.jpg",
      "sharpness": 1839.543003299572,
      "transform_matrix": [
        [
          0.9999754123641642,
          0.002437319252726595,
          -0.006575267445508557,
          0.49346193634051366
        ],
        [
          0.00241774185467352,
          -0.9999926258904656,
          -0.0029837374240349627,
          1.6525436735234957
        ],
        [
          -0.006582491279434877,
          0.0029677667616770723,
          -0.9999739312447122,
          -5.333066749625443
        ],
        [
          0.0,
          0.0,
          0.0,
          1.0
        ]
      ]
    },
    {
      "file_path": "./18339090-hd_1920_1080_30fps\\images/frame_000007.jpg",
      "sharpness": 1792.5607749440555,
      "transform_matrix": [
        [
          0.9999687212875212,
          0.002824088853019524,
          -0.007387893390517374,
          0.493328832576047
        ],
        [
          0.002799513905528058,
          -0.9999905215034735,
          -0.0033346101876935504,
          1.651128020479976
        ],
        [
          -0.007397240599855765,
          0.0033138233751009495,
          -0.9999671491634845,
          -5.327269587561252
        ],
        [
          0.0,
          0.0,
          0.0,
          1.0
        ]
      ]
    },
    {
      "file_path": "./18339090-hd_1920_1080_30fps\\images/frame_000008.jpg",
      "sharpness": 1949.9489080463607,
      "transform_matrix": [
        [
          0.9999633471042294,
          0.003171624857182892,
          -0.00795268783943995,
          0.4933423832258869
        ],
        [
          0.003142107578767873,
          -0.9999881392432162,
          -0.00372136169343812,
          1.649539952569885
        ],
        [
          -0.007964396277793186,
          0.0036962370940239664,
          -0.9999614523686775,
          -5.3207925577963735
        ],
        [
          0.0,
          0.0,
          0.0,
          1.0
        ]
      ]
    },
    {
      "file_path": "./18339090-hd_1920_1080_30fps\\images/frame_000009.jpg",
      "sharpness": 1840.656571790436,
      "transform_matrix": [
        [
          0.9999573448710825,
          0.0034669935568072017,
          -0.0085608640949527,
          0.49329667333587884
        ],
        [
          0.003432678898695319,
          -0.9999860290141194,
          -0.004019762698382005,
          1.647694494264039
        ],
        [
          -0.00857468098261649,
          0.003990204537352543,
          -0.9999552755567603,
          -5.313680301771683
        ],
        [
          0.0,
          0.0,
          0.0,
          1.0
        ]
      ]
    },
    {
      "file_path": "./18339090-hd_1920_1080_30fps\\images/frame_000010.jpg",
      "sharpness": 1761.0301483243024,
      "transform_matrix": [
        [
          0.9999527740657268,
          0.0035348055396634986,
          -0.00905288838185235,
          0.49330176603935166
        ],
        [
          0.0034983769443548947,
          -0.9999857332892786,
          -0.004036654141611412,
          1.645866076342965
        ],
        [
          -0.009067028014334087,
          0.004004793090853344,
          -0.999950874110967,
          -5.30614578348697
        ],
        [
          0.0,
          0.0,
          0.0,
          1.0
        ]
      ]
    },
    {
      "file_path": "./18339090-hd_1920_1080_30fps\\images/frame_000011.jpg",
      "sharpness": 1594.3413530297405,
      "transform_matrix": [
        [
          0.9999513882607872,
          0.0034795632368372505,
          -0.009225711625956368,
          0.4935043934845775
        ],
        [
          0.0034434390088795347,
          -0.9999863543184875,
          -0.003928600846693038,
          1.6438962239474681
        ],
        [
          -0.009239255549912154,
          0.0038966416952757156,
          -0.9999497249063986,
          -5.298127347340475
        ],
        [
          0.0,
          0.0,
          0.0,
          1.0
        ]
      ]
    },
    {
      "file_path": "./18339090-hd_1920_1080_30fps\\images/frame_000012.jpg",
      "sharpness": 1681.9643807786413,
      "transform_matrix": [
        [
          0.9999509943341836,
          0.003352474275298956,
          -0.00931503334998658,
          0.49368926990053213
        ],
        [
          0.0033166116283627296,
          -0.9999870395056785,
          -0.0038627591143913505,
          1.6414940464034515
        ],
        [
          -0.009327862423112414,
          0.0038316754693819084,
          -0.9999491533301644,
          -5.289687725445211
        ],
        [
          0.0,
          0.0,
          0.0,
          1.0
        ]
      ]
    },
    {
      "file_path": "./18339090-hd_1920_1080_30fps\\images/frame_000013.jpg",
      "sharpness": 1614.659461173341,
      "transform_matrix": [
        [
          0.9999521618919301,
          0.0031519791689975435,
          -0.009259533194145613,
          0.49390596659372077
        ],
        [
          0.0031205584240577592,
          -0.9999893311606788,
          -0.0034058302865152914,
          1.6389504747060593
        ],
        [
          -0.009270169511790011,
          0.0033767724437261436,
          -0.9999513294981341,
          -5.281378811582569
        ],
        [
          0.0,
          0.0,
          0.0,
          1.0
        ]
      ]
    },
    {
      "file_path": "./18339090-hd_1920_1080_30fps\\images/frame_000014.jpg",
      "sharpness": 1477.819440250405,
      "transform_matrix": [
        [
          0.9999561217191905,
          0.0029747554288339175,
          -0.008882874898028808,
          0.49403916883643695
        ],
        [
          0.0029490389661731868,
          -0.9999914269297618,
          -0.002906756982371153,
          1.636006798398861
        ],
        [
          -0.008891445635632,
          0.002880433494666107,
          -0.9999563216947984,
          -5.272461439162631
        ],
        [
          0.0,
          0.0,
          0.0,
          1.0
        ]
      ]
    },
    {
      "file_path": "./18339090-hd_1920_1080_30fps\\images/frame_000015.jpg",
      "sharpness": 1542.8795481717898,
      "transform_matrix": [
        [
          0.9999627451551671,
          0.002619536454085947,
          -0.008224738932519975,
          0.49399325482215134
        ],
        [
          0.002599249411881624,
          -0.9999935558769968,
          -0.002476309143648677,
          1.6325957219935756
        ],
        [
          -0.008231172713363995,
          0.0024548387413025397,
          -0.9999631101008263,
          -5.2629875530658135
        ],
        [
          0.0,
          0.0,
          0.0,
          1.0
        ]
      ]
    },
    {
      "file_path": "./18339090-hd_1920_1080_30fps\\images/frame_000016.jpg",
      "sharpness": 1395.2771869001958,
      "transform_matrix": [
        [
          0.9999730631177673,
          0.0021705123779060614,
          -0.007011555810716534,
          0.4939509197654414
        ],
        [
          0.0021562926052125916,
          -0.9999956046369209,
          -0.0020349715082720043,
          1.628810928755633
        ],
        [
          -0.0070159419232303875,
          0.0020197977265384555,
          -0.999973348132876,
          -5.252818519930059
        ],
        [
          0.0,
          0.0,
          0.0,
          1.0
        ]
      ]
    },
    {
      "file_path": "./18339090-hd_1920_1080_30fps\\images/frame_000017.jpg",
      "sharpness": 1474.4580359642468,
      "transform_matrix": [
        [
          0.9999827646347308,
          0.0015783062464007449,
          -0.005655031642092795,
          0.4940028010723156
        ],
        [
          0.0015688072571364159,
          -0.9999973518550477,
          -0.001683783442668628,
          1.6247407825655946
        ],
        [
          -0.005657674192674447,
          0.001674882767366508,
          -0.9999825925937137,
          -5.242271340631215
        ],
        [
          0.0,
          0.0,
          0.0,
          1.0
        ]
      ]
    },
    {
      "file_path": "./18339090-hd_1920_1080_30fps\\images/frame_000018.jpg",
      "sharpness": 1269.2662955800788,
      "transform_matrix": [
        [
          0.9999916622199336,
          0.0010504101920186964,
          -0.003946153702318089,
          0.49407201815811563
        ],
        [
          0.0010469838519925273,
          -0.9999990732541884,
          -0.0008702388054465078,
          1.620985154433599
        ],
        [
          -0.003947064152947405,
          0.0008660999903829354,
          -0.999991835244358,
          -5.232306613687442
        ],
        [
          0.0,
          0.0,
          0.0,
          1.0
        ]
      ]
    },
    {
      "file_path": "./18339090-hd_1920_1080_30fps\\images/frame_000019.jpg",
      "sharpness": 1400.8669729617875,
      "transform_matrix": [
        [
          0.9999986923182363,
          0.0005334552155749062,
          -0.0015266916357383903,
          0.49385156217616244
        ],
        [
          0.0005329177006365231,
          -0.999999795884114,
          -0.0003524634090219914,
          1.6174218006167609
        ],
        [
          -0.0015268793475602164,
          0.0003516493471159203,
          -0.9999987724903439,
          -5.222138626578279
        ],
        [
          0.0,
          0.0,
          0.0,
          1.0
        ]
      ]
    },
    {
      "file_path": "./18339090-hd_1920_1080_30fps\\images/frame_000020.jpg",
      "sharpness": 1456.72800325945,
      "transform_matrix": [
        [
          0.9999990694640394,
          -0.00023705990685584085,
          0.001343455862990023,
          0.49366366964382913
        ],
        [
          -0.0002369688182832659,
          -0.9999999696135771,
          -6.796045906273019e-05,
          1.614286581362204
        ],
        [
          0.0013434719328673007,
          6.764203867481067e-05,
          -0.9999990952534507,
          -5.211603666808194
        ],
        [
          0.0,
          0.0,
          0.0,
          1.0
        ]
      ]
    },
    {
      "file_path": "./18339090-hd_1920_1080_30fps\\images/frame_000021.jpg",
      "sharpness": 1456.376099015593,
      "transform_matrix": [
        [
          0.9999898151550553,
          -0.001094153584958102,
          0.004378631531772827,
          0.49306522676942893
        ],
        [
          -0.0010936903211988904,
          -0.9999993960675785,
          -0.0001081940846788847,
          1.6112944550189245
        ],
        [
          0.004378747268320904,
          0.00010340411581251209,
          -0.9999904078939702,
          -5.200349059894856
        ],
        [
          0.0,
          0.0,
          0.0,
          1.0
        ]
      ]
    },
    {
      "file_path": "./18339090-hd_1920_1080_30fps\\images/frame_000022.jpg",
      "sharpness": 1502.898083772362,
      "transform_matrix": [
        [
          0.999970301909547,
          -0.001893292574550981,
          0.007470658749840145,
          0.4918571554172746
        ],
        [
          -0.0018882093073869202,
          -0.999997981053896,
          -0.0006874254454881113,
          1.6087313064076885
        ],
        [
          0.007471945164474268,
          0.0006732988628812918,
          -0.9999718579560628,
          -5.188935811425992
        ],
        [
          0.0,
          0.0,
          0.0,
          1.0
        ]
      ]
    },
    {
      "file_path": "./18339090-hd_1920_1080_30fps\\images/frame_000023.jpg",
      "sharpness": 1500.4448521417983,
      "transform_matrix": [
        [
          0.9999332856086348,
          -0.0028441226457639754,
          0.011195324841026835,
          0.49035985821460093
        ],
        [
          -0.00282857477799545,
          -0.9999950134406651,
          -0.0014043712219340538,
          1.6066277652667253
        ],
        [
          0.011199263218870603,
          0.0013726107166859374,
          -0.9999363441955567,
          -5.1775753169260845
        ],
        [
          0.0,
          0.0,
          0.0,
          1.0
        ]
      ]
    },
    {
      "file_path": "./18339090-hd_1920_1080_30fps\\images/frame_000024.jpg",
      "sharpness": 1580.1694711337145,
      "transform_matrix": [
        [
          0.9998755994001106,
          -0.004137053441294042,
          0.01522072643119653,
          0.4887673619094596
        ],
        [
          -0.004100418188246342,
          -0.9999886228763533,
          -0.0024373527721740533,
          1.604764494184224
        ],
        [
          0.015230636721783701,
          0.0023746382205302526,
          -0.9998811873409614,
          -5.165709535855468
        ],
        [
          0.0,
          0.0,
          0.0,
          1.0
        ]
      ]
    },
    {
      "file_path": "./18339090-hd_1920_1080_30fps\\images/frame_000025.jpg",
      "sharpness": 1538.8977974365212,
      "transform_matrix": [
        [
          0.9998032892787935,
          -0.005630721974054283,
          0.01901782630470475,
          0.48728921991549456
        ],
        [
          -0.005561206710134636,
          -0.9999776683589955,
          -0.0037061790612325936,
          1.6029467462826612
        ],
        [
          0.019038270069314887,
          0.0035996879528186394,
          -0.9998122756394873,
          -5.153604434779916
        ],
        [
          0.0,
          0.0,
          0.0,
          1.0
        ]
      ]
    },
    {
      "file_path": "./18339090-hd_1920_1080_30fps\\images/frame_000026.jpg",
      "sharpness": 1567.6213945133854,
      "transform_matrix": [
        [
          0.999711804150705,
          -0.007113802298007627,
          0.02292820225414873,
          0.48571176978086006
        ],
        [
          -0.00700020098698428,
          -0.9999628418476159,
          -0.005031114208761628,
          1.6009796524680822
        ],
        [
          0.02296314063633531,
          0.004869162238480066,
          -0.9997244547530141,
          -5.1417011461338
        ],
        [
          0.0,
          0.0,
          0.0,
          1.0
        ]
      ]
    },
    {
      "file_path": "./18339090-hd_1920_1080_30fps\\images/frame_000027.jpg",
      "sharpness": 1543.9881683282722,
      "transform_matrix": [
        [
          0.9995983286517145,
          -0.00852262486092579,
          0.027028618576964984,
          0.4838609959138913
        ],
        [
          -0.008347769510894765,
          -0.9999435370524333,
          -0.00657551908688583,
          1.5988695154460035
        ],
        [
          0.027083133143934856,
          0.006347249211190132,
          -0.9996130332916628,
          -5.1295177810352985
        ],
        [
          0.0,
          0.0,
          0.0,
          1.0
        ]
      ]
    },
    {
      "file_path": "./18339090-hd_1920_1080_30fps\\images/frame_000028.jpg",
      "sharpness": 1647.8264684870028,
      "transform_matrix": [
        [
          0.9994662543861853,
          -0.010039800028654098,
          0.03108711563709223,
          0.48168957177986316
        ],
        [
          -0.009778848141117728,
          -0.9999157612186949,
          -0.008534904537888764,
          1.596384597458544
        ],
        [
          0.03117018563118073,
          0.008226352887066846,
          -0.9994802382468075,
          -5.116920970788903
        ],
        [
          0.0,
          0.0,
          0.0,
          1.0
        ]
      ]
    },
    {
      "file_path": "./18339090-hd_1920_1080_30fps\\images/frame_000029.jpg",
      "sharpness": 1582.352965839591,
      "transform_matrix": [
        [
          0.9993175670395047,
          -0.01152222751705068,
          0.03509470728315575,
          0.47929305001539957
        ],
        [
          -0.011153468768059976,
          -0.9998807056720367,
          -0.010685249610090942,
          1.5934094991742473
        ],
        [
          0.03521363856071928,
          0.010286529921959008,
          -0.9993268669266725,
          -5.1039714236969465
        ],
        [
          0.0,
          0.0,
          0.0,
          1.0
        ]
      ]
    },
    {
      "file_path": "./18339090-hd_1920_1080_30fps\\images/frame_000030.jpg",
      "sharpness": 1582.9180145018775,
      "transform_matrix": [
        [
          0.9993177354386436,
          -0.011522962810900822,
          0.03508967035809167,
          0.4792837781613185
        ],
        [
          -0.011154395622087743,
          -0.9998807375675259,
          -0.010681296724943857,
          1.5934159947682327
        ],
        [
          0.03520856566358377,
          0.010282605189296294,
          -0.999327086060632,
          -5.103969152917927
        ],
        [
          0.0,
          0.0,
          0.0,
          1.0
        ]
      ]
    },
    {
      "file_path": "./18339090-hd_1920_1080_30fps\\images/frame_000031.jpg",
      "sharpness": 1505.0511755966097,
      "transform_matrix": [
        [
          0.9991563157516058,
          -0.01288798683298916,
          0.03899431354787524,
          0.4766880150623204
        ],
        [
          -0.012391299549035619,
          -0.9998393322763416,
          -0.012952425590800565,
          1.5898929837050777
        ],
        [
          0.039154979110751394,
          0.012458307613470367,
          -0.9991554824862069,
          -5.0906721153248515
        ],
        [
          0.0,
          0.0,
          0.0,
          1.0
        ]
      ]
    },
    {
      "file_path": "./18339090-hd_1920_1080_30fps\\images/frame_000032.jpg",
      "sharpness": 1636.2831695368734,
      "transform_matrix": [
        [
          0.9989773312076666,
          -0.014304113520108698,
          0.04289153843838623,
          0.4738336802044366
        ],
        [
          -0.013679189677613994,
          -0.9997964822226093,
          -0.01482814570535562,
          1.5861088205929996
        ],
        [
          0.0430949127272765,
          0.014226259933631226,
          -0.9989696902435674,
          -5.077632049087098
        ],
        [
          0.0,
          0.0,
          0.0,
          1.0
        ]
      ]
    },
    {
      "file_path": "./18339090-hd_1920_1080_30fps\\images/frame_000033.jpg",
      "sharpness": 1387.9823816196351,
      "transform_matrix": [
        [
          0.9987731572694245,
          -0.015593487974177438,
          0.04700024947661949,
          0.47066625661356476
        ],
        [
          -0.014837035666850443,
          -0.9997554084015998,
          -0.016400784870586153,
          1.5818543776305296
        ],
        [
          0.047244499052121344,
          0.015683319309056473,
          -0.9987602268836921,
          -5.064305989390184
        ],
        [
          0.0,
          0.0,
          0.0,
          1.0
        ]
      ]
    },
    {
      "file_path": "./18339090-hd_1920_1080_30fps\\images/frame_000034.jpg",
      "sharpness": 1373.8534424785082,
      "transform_matrix": [
        [
          0.9985610216763597,
          -0.016721116963575908,
          0.05095380492323351,
          0.46726230898146787
        ],
        [
          -0.015843097149098834,
          -0.9997198048549704,
          -0.017587155923122752,
          1.5770004596467566
        ],
        [
          0.051233604805720416,
          0.016754582305459884,
          -0.9985461440065655,
          -5.050602998367693
        ],
        [
          0.0,
          0.0,
          0.0,
          1.0
        ]
      ]
    },
    {
      "file_path": "./18339090-hd_1920_1080_30fps\\images/frame_000035.jpg",
      "sharpness": 1224.3903857204107,
      "transform_matrix": [
        [
          0.9983690714488624,
          -0.01764130747771496,
          0.05429531696945357,
          0.46380989773932113
        ],
        [
          -0.01667708341643128,
          -0.9996959793931459,
          -0.018161048259961808,
          1.571900381256243
        ],
        [
          0.054599194710710786,
          0.017225941357614887,
          -0.9983597522342765,
          -5.036611518836999
        ],
        [
          0.0,
          0.0,
          0.0,
          1.0
        ]
      ]
    },
    {
      "file_path": "./18339090-hd_1920_1080_30fps\\images/frame_000036.jpg",
      "sharpness": 1099.1911599436094,
      "transform_matrix": [
        [
          0.9981973069597625,
          -0.018632200517116528,
          0.05705240995933292,
          0.4606776034667722
        ],
        [
          -0.017602803164517622,
          -0.9996740265498852,
          -0.018492754318678223,
          1.5662650586167137
        ],
        [
          0.057378373095000476,
          0.017455135216597615,
          -0.998199900097942,
          -5.022349880502849
        ],
        [
          0.0,
          0.0,
          0.0,
          1.0
        ]
      ]
    },
    {
      "file_path": "./18339090-hd_1920_1080_30fps\\images/frame_000037.jpg",
      "sharpness": 911.1232039571264,
      "transform_matrix": [
        [
          0.9980182750788947,
          -0.019434391033513465,
          0.05984836717658974,
          0.45767139083897557
        ],
        [
          -0.01837380780405922,
          -0.9996651460680626,
          -0.018220837617927848,
          1.5606092991798628
        ],
        [
          0.06018243759874557,
          0.017085086534047566,
          -0.9980411685009777,
          -5.009179985694893
        ],
        [
          0.0,
          0.0,
          0.0,
          1.0
        ]
      ]
    },
    {
      "file_path": "./18339090-hd_1920_1080_30fps\\images/frame_000038.jpg",
      "sharpness": 960.9848179068525,
      "transform_matrix": [
        [
          0.997813847936345,
          -0.019916772102819058,
          0.0630146574653014,
          0.45484678205363716
        ],
        [
          -0.018844608503379785,
          -0.9996681488650381,
          -0.017563395887536803,
          1.5550163004140007
        ],
        [
          0.06334355213294593,
          0.01633751308346429,
          -0.9978580460513552,
          -4.996304509510624
        ],
        [
          0.0,
          0.0,
          0.0,
          1.0
        ]
      ]
    },
    {
      "file_path": "./18339090-hd_1920_1080_30fps\\images/frame_000039.jpg",
      "sharpness": 875.4233611088749,
      "transform_matrix": [
        [
          0.9976088975579335,
          -0.02029961463140471,
          0.06606370530829397,
          0.4520332606476837
        ],
        [
          -0.019224166271558093,
          -0.9996727926275001,
          -0.01687421439649374,
          1.5495599846618107
        ],
        [
          0.06638462882631896,
          0.015563846765880473,
          -0.9976727157387035,
          -4.983008789262273
        ],
        [
          0.0,
          0.0,
          0.0,
          1.0
        ]
      ]
    },
    {
      "file_path": "./18339090-hd_1920_1080_30fps\\images/frame_000040.jpg",
      "sharpness": 942.7561783880839,
      "transform_matrix": [
        [
          0.9974308423047006,
          -0.02080715111137006,
          0.06854762783615724,
          0.4492621962907725
        ],
        [
          -0.019733000678458117,
          -0.9996722387628502,
          -0.016310233937472517,
          1.5444160418823232
        ],
        [
          0.06886453008305277,
          0.01491567998784234,
          -0.9975145106648526,
          -4.968773019560879
        ],
        [
          0.0,
          0.0,
          0.0,
          1.0
        ]
      ]
    },
    {
      "file_path": "./18339090-hd_1920_1080_30fps\\images/frame_000041.jpg",
      "sharpness": 975.4781932572583,
      "transform_matrix": [
        [
          0.9972999061687787,
          -0.021157140403100884,
          0.07032263195948174,
          0.44708045167752836
        ],
        [
          -0.020131899996898406,
          -0.9996809283913382,
          -0.015256081185782682,
          1.5396601278037598
        ],
        [
          0.07062296905582581,
          0.013799160140957358,
          -0.9974076295182146,
          -4.955161334745705
        ],
        [
          0.0,
          0.0,
          0.0,
          1.0
        ]
      ]
    },
    {
      "file_path": "./18339090-hd_1920_1080_30fps\\images/frame_000042.jpg",
      "sharpness": 992.4341349624052,
      "transform_matrix": [
        [
          0.9971802666747485,
          -0.021369256951680512,
          0.0719365735339865,
          0.44501269859463666
        ],
        [
          -0.020400564759975235,
          -0.999691411099478,
          -0.014173903181856717,
          1.5351684153174239
        ],
        [
          0.07221726048495367,
          0.012666389827715136,
          -0.9973084928229483,
          -4.94114922273882
        ],
        [
          0.0,
          0.0,
          0.0,
          1.0
        ]
      ]
    },
    {
      "file_path": "./18339090-hd_1920_1080_30fps\\images/frame_000043.jpg",
      "sharpness": 1154.6296017728055,
      "transform_matrix": [
        [
          0.9970667020299994,
          -0.02142221177492946,
          0.07347843592300177,
          0.44330923274128115
        ],
        [
          -0.02050605121713644,
          -0.9997025823523926,
          -0.013200329595811274,
          1.5310169152581414
        ],
        [
          0.07373936239553999,
          0.011654856525412387,
          -0.9972094417688149,
          -4.927182895830925
        ],
        [
          0.0,
          0.0,
          0.0,
          1.0
        ]
      ]
    },
    {
      "file_path": "./18339090-hd_1920_1080_30fps\\images/frame_000044.jpg",
      "sharpness": 1065.278353956082,
      "transform_matrix": [
        [
          0.9969657870251014,
          -0.021389294957889087,
          0.07484462280367604,
          0.4418003390104714
        ],
        [
          -0.0205333151577853,
          -0.9997148808313142,
          -0.012187699252206745,
          1.5271974973725302
        ],
        [
          0.07508396946120516,
          0.010613910949108093,
          -0.9971207261030699,
          -4.912856318329144
        ],
        [
          0.0,
          0.0,
          0.0,
          1.0
        ]
      ]
    },
    {
      "file_path": "./18339090-hd_1920_1080_30fps\\images/frame_000045.jpg",
      "sharpness": 1097.8112040435099,
      "transform_matrix": [
        [
          0.9968706959938758,
          -0.021396231500062254,
          0.07609873025406931,
          0.44041428819076117
        ],
        [
          -0.02061155461891273,
          -0.9997261403559278,
          -0.011081881845232823,
          1.5236033174316805
        ],
        [
          0.07631500039230452,
          0.009478690132917484,
          -0.9970387029340871,
          -4.898454348891319
        ],
        [
          0.0,
          0.0,
          0.0,
          1.0
        ]
      ]
    },
    {
      "file_path": "./18339090-hd_1920_1080_30fps\\images/frame_000046.jpg",
      "sharpness": 1137.8295949851024,
      "transform_matrix": [
        [
          0.9967746382561574,
          -0.021388539818253536,
          0.07734889070794447,
          0.43888687132634535
        ],
        [
          -0.02065289938439762,
          -0.9997336665888145,
          -0.01029823460128682,
          1.5202662855039781
        ],
        [
          0.07754855431485813,
          0.00866754021208877,
          -0.9969508992274129,
          -4.883088033928263
        ],
        [
          0.0,
          0.0,
          0.0,
          1.0
        ]
      ]
    },
    {
      "file_path": "./18339090-hd_1920_1080_30fps\\images/frame_000047.jpg",
      "sharpness": 1096.519848211527,
      "transform_matrix": [
        [
          0.9966887109958936,
          -0.02157605496876174,
          0.07839698479743099,
          0.43775435808724933
        ],
        [
          -0.02090881026842129,
          -0.9997379256216201,
          -0.009322109575588385,
          1.5169281045878047
        ],
        [
          0.07857757330500105,
          0.00765205369590987,
          -0.9968786340612041,
          -4.867505974896828
        ],
        [
          0.0,
          0.0,
          0.0,
          1.0
        ]
      ]
    },
    {
      "file_path": "./18339090-hd_1920_1080_30fps\\images/frame_000048.jpg",
      "sharpness": 1140.275079199482,
      "transform_matrix": [
        [
          0.996618730088525,
          -0.021826797691253258,
          0.07921298971305428,
          0.4367321797064726
        ],
        [
          -0.021238653111462214,
          -0.9997403132505118,
          -0.008259883520910505,
          1.5134126026174548
        ],
        [
          0.07937270595580269,
          0.006549577414851579,
          -0.9968234931947282,
          -4.851189904999103
        ],
        [
          0.0,
          0.0,
          0.0,
          1.0
        ]
      ]
    },
    {
      "file_path": "./18339090-hd_1920_1080_30fps\\images/frame_000049.jpg",
      "sharpness": 996.3812226665978,
      "transform_matrix": [
        [
          0.9965618796180102,
          -0.02227652790158737,
          0.0798008546123928,
          0.4359789397612544
        ],
        [
          -0.021783732417200132,
          -0.9997379145740726,
          -0.007040679303904309,
          1.5096098351248017
        ],
        [
          0.07993678186038186,
          0.005278112137346246,
          -0.9967859611963199,
          -4.835175253291465
        ],
        [
          0.0,
          0.0,
          0.0,
          1.0
        ]
      ]
    },
    {
      "file_path": "./18339090-hd_1920_1080_30fps\\images/frame_000050.jpg",
      "sharpness": 946.8963038774259,
      "transform_matrix": [
        [
          0.996505357761746,
          -0.022702713499459168,
          0.08038444346946738,
          0.4355918312274724
        ],
        [
          -0.022351578861611612,
          -0.9997363063052327,
          -0.005265432324425555,
          1.5051626702555279
        ],
        [
          0.08048278620007931,
          0.0034503122947673885,
          -0.9967500270732582,
          -4.81979745550412
        ],
        [
          0.0,
          0.0,
          0.0,
          1.0
        ]
      ]
    },
    {
      "file_path": "./18339090-hd_1920_1080_30fps\\images/frame_000051.jpg",
      "sharpness": 846.9342682058493,
      "transform_matrix": [
        [
          0.9964222891502189,
          -0.02288141691919056,
          0.08135762069042923,
          0.435004644303338
        ],
        [
          -0.022690097417344506,
          -0.9997371808512175,
          -0.003275469867230174,
          1.5002363459784243
        ],
        [
          0.08141118574145076,
          0.001417738844038851,
          -0.9966795918713001,
          -4.804085958449434
        ],
        [
          0.0,
          0.0,
          0.0,
          1.0
        ]
      ]
    },
    {
      "file_path": "./18339090-hd_1920_1080_30fps\\images/frame_000052.jpg",
      "sharpness": 831.4692971868238,
      "transform_matrix": [
        [
          0.9963362594384205,
          -0.02314352920229567,
          0.08233125277996928,
          0.4339657856997177
        ],
        [
          -0.023076372174869745,
          -0.9997321429819755,
          -0.0017672962155364986,
          1.494443271410281
        ],
        [
          0.08235010124768281,
          -0.00013908533006653877,
          -0.9966034524723297,
          -4.787239663890925
        ],
        [
          0.0,
          0.0,
          0.0,
          1.0
        ]
      ]
    },
    {
      "file_path": "./18339090-hd_1920_1080_30fps\\images/frame_000053.jpg",
      "sharpness": 840.1366806996365,
      "transform_matrix": [
        [
          0.9962346039258629,
          -0.023316895216504232,
          0.08350410970809385,
          0.43307232532391216
        ],
        [
          -0.023420970287641896,
          -0.9997256558397741,
          0.0002668454963382706,
          1.4884034283183538
        ],
        [
          0.08347497883476347,
          -0.0022215879897232132,
          -0.9965073970901269,
          -4.771813672664711
        ],
        [
          0.0,
          0.0,
          0.0,
          1.0
        ]
      ]
    },
    {
      "file_path": "./18339090-hd_1920_1080_30fps\\images/frame_000054.jpg",
      "sharpness": 706.0104996635389,
      "transform_matrix": [
        [
          0.9960700411598724,
          -0.023488099278166252,
          0.08539778859003866,
          0.4318821463450954
        ],
        [
          -0.023780027544622974,
          -0.9997143279030735,
          0.002402680853340078,
          1.482327773088635
        ],
        [
          0.08531695841828224,
          -0.004424000181401498,
          -0.9963440393903342,
          -4.756152796878605
        ],
        [
          0.0,
          0.0,
          0.0,
          1.0
        ]
      ]
    },
    {
      "file_path": "./18339090-hd_1920_1080_30fps\\images/frame_000055.jpg",
      "sharpness": 675.5231158729104,
      "transform_matrix": [
        [
          0.9958604971048661,
          -0.02380343322528723,
          0.08772267023260596,
          0.43042002254766665
        ],
        [
          -0.024269004954465493,
          -0.9996964538997324,
          0.004244462135596955,
          1.4762352530162115
        ],
        [
          0.08759500958712983,
          -0.0063558340907924225,
          -0.996135893173437,
          -4.739777789154199
        ],
        [
          0.0,
          0.0,
          0.0,
          1.0
        ]
      ]
    },
    {
      "file_path": "./18339090-hd_1920_1080_30fps\\images/frame_000056.jpg",
      "sharpness": 930.3642244934547,
      "transform_matrix": [
        [
          0.9956475572726998,
          -0.0243940153211607,
          0.08994928411842405,
          0.42889424335644866
        ],
        [
          -0.024956660923078883,
          -0.9996753426819331,
          0.005135592403033559,
          1.4698864406508507
        ],
        [
          0.08979480370531728,
          -0.007358073815245792,
          -0.9959331061759384,
          -4.721836929305515
        ],
        [
          0.0,
          0.0,
          0.0,
          1.0
        ]
      ]
    },
    {
      "file_path": "./18339090-hd_1920_1080_30fps\\images/frame_000057.jpg",
      "sharpness": 821.7340851607319,
      "transform_matrix": [
        [
          0.9954347708743039,
          -0.024918155662686556,
          0.09213415464849332,
          0.42743995591913
        ],
        [
          -0.025643734296616566,
          -0.99964869534591,
          0.0066996107755922,
          1.4641804712013782
        ],
        [
          0.09193484554697906,
          -0.009031689298797984,
          -0.9957240645694283,
          -4.705157842400643
        ],
        [
          0.0,
          0.0,
          0.0,
          1.0
        ]
      ]
    },
    {
      "file_path": "./18339090-hd_1920_1080_30fps\\images/frame_000058.jpg",
      "sharpness": 1030.290473391835,
      "transform_matrix": [
        [
          0.99516338276873,
          -0.025447136562084593,
          0.09488037118966564,
          0.4261205246484719
        ],
        [
          -0.02630947070301658,
          -0.9996230345705762,
          0.007848599062258247,
          1.4589621067955438
        ],
        [
          0.09464488019763787,
          -0.010306890738898247,
          -0.9954577412706533,
          -4.6885355238774205
        ],
        [
          0.0,
          0.0,
          0.0,
          1.0
        ]
      ]
    },
    {
      "file_path": "./18339090-hd_1920_1080_30fps\\images/frame_000059.jpg",
      "sharpness": 1022.9634740246652,
      "transform_matrix": [
        [
          0.9948625136820533,
          -0.026123836103765518,
          0.09780656449057941,
