{
  "camera_angle_x": 1.0898374037957659,
  "camera_angle_y": 1.6454393717577593,
  "fl_x": 890.8898809792803,
  "fl_y": 890.8898809792803,
  "k1": -0.09241434052142339,
  "k2": 0,
  "k3": 0,
  "k4": 0,
  "p1": 0,
  "p2": 0,
  "is_fisheye": false,
  "cx": 540.0,
  "cy": 960.0,
  "w": 1080.0,
  "h": 1920.0,
  "aabb_scale": 32,
  "frames": [
    {
      "file_path": "./12588334_2160_3840_24fps\\images/frame_000001.jpg",
      "sharpness": 1607.214289822601,
      "transform_matrix": [
        [
          1.0,
          -9.278335142581888e-16,
          -1.7347138385676627e-15,
          0.26385162387238126
        ],
        [
          -9.278335142581872e-16,
          -1.0,
          7.9153302160465955e-16,
          -0.4171697379120381
        ],
        [
          -1.7347138385676635e-15,
          -7.91533021604658e-16,
          -1.0,
          -6.422078507760471
        ],
        [
          0.0,
          0.0,
          0.0,
          1.0
        ]
      ]
    },
    {
      "file_path": "./12588334_2160_3840_24fps\\images/frame_000002.jpg",
      "sharpness": 1630.728376913461,
      "transform_matrix": [
        [
          0.9999997440267209,
          -5.535426665383118e-05,
          0.0007133599358200692,
          0.2638083390684155
        ],
        [
          -5.47092144720444e-05,
          -0.9999995896848619,
          -0.0009042328294603481,
          -0.4211767655453508
        ],
        [
          0.0007134096962628476,
          0.0009041935706391811,
          -0.9999993367400761,
          -6.38237372601006
        ],
        [
          0.0,
          0.0,
          0.0,
          1.0
        ]
      ]
    },
    {
      "file_path": "./12588334_2160_3840_24fps\\images/frame_000003.jpg",
      "sharpness": 1623.3312557809352,
      "transform_matrix": [
        [
          0.9999989612220733,
          0.0003060075253915109,
          0.0014085148804317685,
          0.2640195085422246
        ],
        [
          0.000308676103605471,
          -0.9999981572680845,
          -0.0018947768993768075,
          -0.4269297206442509
        ],
        [
          0.0014079324689262975,
          0.0018952097060095509,
          -0.9999972129492828,
          -6.341279499913139
        ],
        [
          0.0,
          0.0,
          0.0,
          1.0
        ]
      ]
    },
    {
      "file_path": "./12588334_2160_3840_24fps\\images/frame_000004.jpg",
      "sharpness": 1627.0485503423981,
      "transform_matrix": [
        [
          0.9999974482293694,
          0.0007453242143503414,
          0.002132610270246081,
          0.2633898254531542
        ],
        [
          0.000751339864167174,
          -0.9999957376353592,
          -0.0028213825551524035,
          -0.43194560123852205
        ],
        [
          0.002130498335547172,
          0.00282297767074203,
          -0.9999937458673992,
          -6.303067415416794
        ],
        [
          0.0,
          0.0,
          0.0,
          1.0
        ]
      ]
    },
    {
      "file_path": "./12588334_2160_3840_24fps\\images/frame_000005.jpg",
      "sharpness": 1612.0770563315584,
      "transform_matrix": [
        [
          0.9999953435819301,
          0.0009166424318773949,
          0.0029107698482830203,
          0.2625645319789056
        ],
        [
          0.0009274816706597137,
          -0.999992633258504,
          -0.0037246753514858853,
          -0.43568533809751164
        ],
        [
          0.002907334209921853,
          0.0037273576935220654,
          -0.9999888270437907,
          -6.2665727855155255
        ],
        [
          0.0,
          0.0,
          0.0,
          1.0
        ]
      ]
    },
    {
      "file_path": "./12588334_2160_3840_24fps\\images/frame_000006.jpg",
      "sharpness": 1628.5178787069153,
      "transform_matrix": [
        [
          0.9999919656491085,
          0.0012153125970705337,
          0.0038199021614846286,
          0.2619072531310687
        ],
        [
          0.001232965823632232,
          -0.9999885564054183,
          -0.004622429392124159,
          -0.43849123387737454
        ],
        [
          0.003814240751403633,
          0.004627102062719182,
          -0.999982020585366,
          -6.229275025341585
        ],
        [
          0.0,
          0.0,
          0.0,
          1.0
        ]
      ]
    },
    {
      "file_path": "./12588334_2160_3840_24fps\\images/frame_000007.jpg",
      "sharpness": 1653.8618912150043,
      "transform_matrix": [
        [
          0.999987317090128,
          0.0015704006018962564,
          0.0047853422905220905,
          0.2614874452178112
        ],
        [
          0.0015967178588326529,
          -0.9999835962220862,
          -0.005500707120271576,
          -0.4395534893849947
        ],
        [
          0.004776625479057387,
          0.005508278196794841,
          -0.9999734210069483,
          -6.1910399866679535
        ],
        [
          0.0,
          0.0,
          0.0,
          1.0
        ]
      ]
    },
    {
      "file_path": "./12588334_2160_3840_24fps\\images/frame_000008.jpg",
      "sharpness": 1658.540114358393,
      "transform_matrix": [
        [
          0.9999812041254081,
          0.0018756403345782846,
          0.005837239864393804,
          0.2612892895508261
        ],
        [
          0.0019134062978714704,
          -0.9999772323428243,
          -0.006470986966784952,
          -0.43907051315607554
        ],
        [
          0.0058249697199582885,
          0.006482034350444155,
          -0.9999620257581991,
          -6.151009571571246
        ],
        [
          0.0,
          0.0,
          0.0,
          1.0
        ]
      ]
    },
    {
      "file_path": "./12588334_2160_3840_24fps\\images/frame_000009.jpg",
      "sharpness": 1623.5444187820165,
      "transform_matrix": [
        [
          0.9999735848302321,
          0.0022470253023677824,
          0.006912345409865701,
          0.261244713371345
        ],
        [
          0.0022991646077842173,
          -0.9999688985873068,
          -0.007544249478596275,
          -0.4374689565629992
        ],
        [
          0.006895178306692647,
          0.007559942815888667,
          -0.9999476505201357,
          -6.1098382001428195
        ],
        [
          0.0,
          0.0,
          0.0,
          1.0
        ]
      ]
    },
    {
      "file_path": "./12588334_2160_3840_24fps\\images/frame_000010.jpg",
      "sharpness": 1623.5137041827727,
      "transform_matrix": [
        [
          0.9999647446338731,
          0.0025949427769613813,
          0.007985972783400795,
          0.26133170432014574
        ],
        [
          0.002663568672953024,
          -0.9999595174469281,
          -0.00859470006637448,
          -0.4344583122167613
        ],
        [
          0.007963346735976373,
          0.008615668244005814,
          -0.9999311753163174,
          -6.068443673796077
        ],
        [
          0.0,
          0.0,
          0.0,
          1.0
        ]
      ]
    },
    {
      "file_path": "./12588334_2160_3840_24fps\\images/frame_000011.jpg",
      "sharpness": 1625.9105890027367,
      "transform_matrix": [
        [
          0.9999534822620536,
          0.002974422457161282,
          0.009175299615775396,
          0.26141013164970334
        ],
        [
          0.003063173984577572,
          -0.9999485136721626,
          -0.00967403586785706,
          -0.43058006369712315
        ],
        [
          0.009146052543754637,
          0.00970169139267542,
          -0.9999111095027339,
          -6.026450447442154
        ],
        [
          0.0,
          0.0,
          0.0,
          1.0
        ]
      ]
    },
    {
      "file_path": "./12588334_2160_3840_24fps\\images/frame_000012.jpg",
      "sharpness": 1622.3960657130037,
      "transform_matrix": [
        [
          0.9999399988426836,
          0.00327514761127104,
          0.01045333069498027,
          0.2613924310696726
        ],
        [
          0.0033876150325941254,
          -0.9999363766656121,
          -0.010759492796515007,
          -0.42661958022445196
        ],
        [
          0.010417426692095,
          0.010794259074698071,
          -0.9998874742650509,
          -5.982901448690705
        ],
        [
          0.0,
          0.0,
          0.0,
          1.0
        ]
      ]
    },
    {
      "file_path": "./12588334_2160_3840_24fps\\images/frame_000013.jpg",
      "sharpness": 1614.3981193651723,
      "transform_matrix": [
        [
          0.9999254578047695,
          0.0035145521502872594,
          0.011693021726855136,
          0.26087240136924844
        ],
        [
          0.0036538103704349717,
          -0.9999224031863699,
          -0.01190954557367405,
          -0.4229992567506092
        ],
        [
          0.011650257666622527,
          0.011951381894050095,
          -0.9998607082824704,
          -5.939312295288615
        ],
        [
          0.0,
          0.0,
          0.0,
          1.0
        ]
      ]
    },
    {
      "file_path": "./12588334_2160_3840_24fps\\images/frame_000014.jpg",
      "sharpness": 1599.579569854683,
      "transform_matrix": [
        [
          0.999908038352577,
          0.003688801274236659,
          0.013050194751823795,
          0.25935493812092336
        ],
        [
          0.0038589022110844893,
          -0.9999076169695507,
          -0.01303328047728366,
          -0.4197811243792135
        ],
        [
          0.013000911953652581,
          0.013082441340722539,
          -0.999829898541217,
          -5.896022938263901
        ],
        [
          0.0,
          0.0,
          0.0,
          1.0
        ]
      ]
    },
    {
      "file_path": "./12588334_2160_3840_24fps\\images/frame_000015.jpg",
      "sharpness": 1627.5925732938947,
      "transform_matrix": [
        [
          0.9998877492310136,
          0.0039680482225286666,
          0.014447959407511281,
          0.25815692961420206
        ],
        [
          0.0041752326498806745,
          -0.9998884849930636,
          -0.014338235965261839,
          -0.41766379002947485
        ],
        [
          0.014389453431481583,
          0.014396950079091222,
          -0.9997928142662175,
          -5.852012906536214
        ],
        [
          0.0,
          0.0,
          0.0,
          1.0
        ]
      ]
    },
    {
      "file_path": "./12588334_2160_3840_24fps\\images/frame_000016.jpg",
      "sharpness": 1606.11020299891,
      "transform_matrix": [
        [
          0.9998648558276545,
          0.0043434153983781375,
          0.01585575048430278,
          0.25775036139322816
        ],
        [
          0.004591183932364859,
          -0.9998674032048848,
          -0.015623605167161502,
          -0.41627593519034684
        ],
        [
          0.015785788255343186,
          0.015694290394831254,
          -0.9997522183712124,
          -5.809485939804815
        ],
        [
          0.0,
          0.0,
          0.0,
          1.0
        ]
      ]
    },
    {
      "file_path": "./12588334_2160_3840_24fps\\images/frame_000017.jpg",
      "sharpness": 1596.5036684095878,
      "transform_matrix": [
        [
          0.9998402660968257,
          0.004639774453710133,
          0.017260208122947384,
          0.25697978509631736
        ],
        [
          0.004931973138639223,
          -0.9998445950861208,
          -0.01692516818324536,
          -0.4162070525924634
        ],
        [
          0.01717899683882913,
          0.01700759154289927,
          -0.9997077692493549,
          -5.768369033127775
        ],
        [
          0.0,
          0.0,
          0.0,
          1.0
        ]
      ]
    },
    {
      "file_path": "./12588334_2160_3840_24fps\\images/frame_000018.jpg",
      "sharpness": 1609.4605734069237,
      "transform_matrix": [
        [
          0.9998129485191698,
          0.005003885622967394,
          0.018682320575245718,
          0.25624415367772485
        ],
        [
          0.005345250331912857,
          -0.999818854776213,
          -0.018267072367264395,
          -0.4170056086178891
        ],
        [
          0.018587530021312,
          0.0183635171645834,
          -0.9996585842001521,
          -5.726963499247406
        ],
        [
          0.0,
          0.0,
          0.0,
          1.0
        ]
      ]
    },
    {
      "file_path": "./12588334_2160_3840_24fps\\images/frame_000019.jpg",
      "sharpness": 1621.0032334566574,
      "transform_matrix": [
        [
          0.9997832389070207,
          0.0054872746127515555,
          0.020083949260832953,
          0.25551955516598623
        ],
        [
          0.005881991598769429,
          -0.999789670024858,
          -0.01964733789645906,
          -0.4174362565663069
        ],
        [
          0.01997191466583678,
          0.019761212738844815,
          -0.9996052306264062,
          -5.68678187604126
        ],
        [
          0.0,
          0.0,
          0.0,
          1.0
        ]
      ]
    },
    {
      "file_path": "./12588334_2160_3840_24fps\\images/frame_000020.jpg",
      "sharpness": 1663.154956112405,
      "transform_matrix": [
        [
          0.9997509618240279,
          0.005909522552873466,
          0.021519569585101803,
          0.2539407141544283
        ],
        [
          0.006362215306823084,
          -0.9997586228352693,
          -0.02102898673059356,
          -0.4171921670707799
        ],
        [
          0.021390103981060598,
          0.02116066184510621,
          -0.9995472424262679,
          -5.648223702507698
        ],
        [
          0.0,
          0.0,
          0.0,
          1.0
        ]
      ]
    },
    {
      "file_path": "./12588334_2160_3840_24fps\\images/frame_000021.jpg",
      "sharpness": 1637.4047132414155,
      "transform_matrix": [
        [
          0.9997165619839792,
          0.006339106457102658,
          0.022948015693259133,
          0.25225892592584537
        ],
        [
          0.006851784148484932,
          -0.9997271396871258,
          -0.0223315746641566,
          -0.4157792584923731
        ],
        [
          0.0228001918613664,
          0.02248247989710543,
          -0.999487213199229,
          -5.609086878928283
        ],
        [
          0.0,
          0.0,
          0.0,
          1.0
        ]
      ]
    },
    {
      "file_path": "./12588334_2160_3840_24fps\\images/frame_000022.jpg",
      "sharpness": 1628.2473268406472,
      "transform_matrix": [
        [
          0.999681208631151,
          0.006745778704412453,
          0.024330548276445235,
          0.25025496888246385
        ],
        [
          0.007323516582624004,
          -0.9996914613422773,
          -0.023734957851369712,
          -0.4131119155098987
        ],
        [
          0.02416293058851446,
          0.02390557652543358,
          -0.9994221711550936,
          -5.56941043763494
        ],
        [
          0.0,
          0.0,
          0.0,
          1.0
        ]
      ]
    },
    {
      "file_path": "./12588334_2160_3840_24fps\\images/frame_000023.jpg",
      "sharpness": 1631.4245234651255,
      "transform_matrix": [
        [
          0.9996427080197109,
          0.0072191281860987016,
          0.025735976594099368,
          0.24769268729800337
        ],
        [
          0.007868429990961682,
          -0.9996510092166663,
          -0.025218001141608156,
          -0.4096552060023157
        ],
        [
          0.02554494299262948,
          0.025411492682121038,
          -0.999350645132713,
          -5.529353075291908
        ],
        [
          0.0,
          0.0,
          0.0,
          1.0
        ]
      ]
    },
    {
      "file_path": "./12588334_2160_3840_24fps\\images/frame_000024.jpg",
      "sharpness": 1641.6225299806017,
      "transform_matrix": [
        [
          0.9996017747075384,
          0.007717497133863751,
          0.027142811931130488,
          0.24520955881139553
        ],
        [
          0.008444311836547813,
          -0.9996060720611899,
          -0.02676554307325861,
          -0.40531662900971277
        ],
        [
          0.026925556617218772,
          0.026984086725107596,
          -0.9992731725931928,
          -5.488463515389927
        ],
        [
          0.0,
          0.0,
          0.0,
          1.0
        ]
      ]
    },
    {
      "file_path": "./12588334_2160_3840_24fps\\images/frame_000025.jpg",
      "sharpness": 1605.9270735971336,
      "transform_matrix": [
        [
          0.9995587516442436,
          0.00820540424199452,
          0.02854773813504145,
          0.24274023925790947
        ],
        [
          0.009013465063782842,
          -0.9995590337846255,
          -0.02829302788832998,
          -0.3997339112523802
        ],
        [
          0.028302993815944765,
          0.028537857676625106,
          -0.9991919391289559,
          -5.4467002027219475
        ],
        [
          0.0,
          0.0,
          0.0,
          1.0
        ]
      ]
    },
    {
      "file_path": "./12588334_2160_3840_24fps\\images/frame_000026.jpg",
      "sharpness": 1628.8082853646329,
      "transform_matrix": [
        [
          0.999514841145501,
          0.00858077555031257,
          0.0299408186400967,
          0.24012302271424588
        ],
        [
          0.009478671441023767,
          -0.9995056416432265,
          -0.029977109785221764,
          -0.3935936606586481
        ],
        [
          0.02966879029547926,
          0.030246365307541927,
          -0.9991020569832121,
          -5.404477386144826
        ],
        [
          0.0,
          0.0,
          0.0,
          1.0
        ]
      ]
    },
    {
      "file_path": "./12588334_2160_3840_24fps\\images/frame_000027.jpg",
      "sharpness": 1610.1208969954182,
      "transform_matrix": [
        [
          0.9994686637009494,
          0.008952122932323838,
          0.03134086429635768,
          0.23747428218636538
        ],
        [
          0.009943845026753153,
          -0.9994501303549453,
          -0.031631580415252436,
          -0.38801777646659813
        ],
        [
          0.031040461110010308,
          0.031926422105948954,
          -0.9990081047446966,
          -5.361989017882412
        ],
        [
          0.0,
          0.0,
          0.0,
          1.0
        ]
      ]
    },
    {
      "file_path": "./12588334_2160_3840_24fps\\images/frame_000028.jpg",
      "sharpness": 1625.9271250031634,
      "transform_matrix": [
        [
          0.9994201572688302,
          0.00930443950753069,
          0.0327532693054868,
          0.23451502972839297
        ],
        [
          0.0103944120927899,
          -0.9993924516214476,
          -0.033266857971824756,
          -0.3831910806835663
        ],
        [
          0.032423840642223506,
          0.03358801940458828,
          -0.9989096753513227,
          -5.319445341025328
        ],
        [
          0.0,
          0.0,
          0.0,
          1.0
        ]
      ]
    },
    {
      "file_path": "./12588334_2160_3840_24fps\\images/frame_000029.jpg",
      "sharpness": 1583.5377209653473,
      "transform_matrix": [
        [
          0.9993709324179344,
          0.009797788825922563,
          0.03408434790678075,
          0.2313894027588896
        ],
        [
          0.01098880754309083,
          -0.9993292310652756,
          -0.03493327993855782,
          -0.37888662564413333
        ],
        [
          0.03371921628520972,
          0.035285850883992616,
          -0.9988082514579582,
          -5.277863474848018
        ],
        [
          0.0,
          0.0,
          0.0,
          1.0
        ]
      ]
    },
    {
      "file_path": "./12588334_2160_3840_24fps\\images/frame_000030.jpg",
      "sharpness": 1603.7385537114287,
      "transform_matrix": [
        [
          0.9993218594738049,
          0.010034753012623375,
          0.035427742092781024,
          0.22770313621804156
        ],
        [
          0.011326927669731528,
          -0.9992708000513986,
          -0.03646325375227024,
          -0.37559791493079453
        ],
        [
          0.03503600843962725,
          0.03683981401437073,
          -0.9987068169467979,
          -5.239724549691514
        ],
        [
          0.0,
          0.0,
          0.0,
          1.0
        ]
      ]
    },
    {
      "file_path": "./12588334_2160_3840_24fps\\images/frame_000031.jpg",
      "sharpness": 1596.4703245690416,
      "transform_matrix": [
        [
          0.9992654644611062,
          0.010422696885240685,
          0.036876807412899226,
          0.22503602846131238
        ],
        [
          0.011825737260409688,
          -0.9992064140818757,
          -0.03803543079664719,
          -0.37476482637141223
        ],
        [
          0.03645111073173798,
          0.0384435878564576,
          -0.9985957175349519,
          -5.202189140407927
        ],
        [
          0.0,
          0.0,
          0.0,
          1.0
        ]
      ]
    },
    {
      "file_path": "./12588334_2160_3840_24fps\\images/frame_000032.jpg",
      "sharpness": 1600.2132243318335,
      "transform_matrix": [
        [
          0.9992087908537278,
          0.010944210479378477,
          0.03823632484450118,
          0.22252424097392104
        ],
        [
          0.012461677081672442,
          -0.9991348757120617,
          -0.03967627427261094,
          -0.3759660649031036
        ],
        [
          0.0377690201745197,
          0.04012137077451856,
          -0.9984807342769466,
          -5.164963091489037
        ],
        [
          0.0,
          0.0,
          0.0,
          1.0
        ]
      ]
    },
    {
      "file_path": "./12588334_2160_3840_24fps\\images/frame_000033.jpg",
      "sharpness": 1632.9010170269394,
      "transform_matrix": [
        [
          0.9991474442072109,
          0.011563628250040335,
          0.03963164437533588,
          0.22010133193883605
        ],
        [
          0.01319812428107592,
          -0.9990624329784791,
          -0.04123183874851066,
          -0.37777580339926575
        ],
        [
          0.03911769739720754,
          0.04171974967346736,
          -0.9983632947166697,
          -5.129607695194692
        ],
        [
          0.0,
          0.0,
          0.0,
          1.0
        ]
      ]
    },
    {
      "file_path": "./12588334_2160_3840_24fps\\images/frame_000034.jpg",
      "sharpness": 1639.8154097448787,
      "transform_matrix": [
        [
          0.9990846091424177,
          0.012194036904844335,
          0.04100303938375623,
          0.21815151653708403
        ],
        [
          0.013943371165765234,
          -0.9989926955364338,
          -0.0426518072932868,
          -0.378488118554642
        ],
        [
          0.04044163912697254,
          0.043184484815883356,
          -0.9982482527387215,
          -5.095354833386839
        ],
        [
          0.0,
          0.0,
          0.0,
          1.0
        ]
      ]
    },
    {
      "file_path": "./12588334_2160_3840_24fps\\images/frame_000035.jpg",
      "sharpness": 1645.188457618325,
      "transform_matrix": [
        [
          0.9990218027222221,
          0.012781279352916656,
          0.0423329255278274,
          0.2164908048845221
        ],
        [
          0.014646764719600473,
          -0.9989217728569506,
          -0.04405410305040573,
          -0.3775610653206369
        ],
        [
          0.041724213220749186,
          0.04463104984682534,
          -0.9981318346895263,
          -5.061028521095478
        ],
        [
          0.0,
          0.0,
          0.0,
          1.0
        ]
      ]
    },
    {
      "file_path": "./12588334_2160_3840_24fps\\images/frame_000036.jpg",
      "sharpness": 1643.5055773950828,
      "transform_matrix": [
        [
          0.9989581785788487,
          0.01328580012810827,
          0.0436582748787125,
          0.21478394918924845
        ],
        [
          0.01526791883989169,
          -0.9988528653193011,
          -0.045385505370335935,
          -0.3748816235521261
        ],
        [
          0.04300521020443617,
          0.0460047927761692,
          -0.9980150855257118,
          -5.026463021678332
        ],
        [
          0.0,
          0.0,
          0.0,
          1.0
        ]
      ]
    },
    {
      "file_path": "./12588334_2160_3840_24fps\\images/frame_000037.jpg",
      "sharpness": 1656.1726012697989,
      "transform_matrix": [
        [
          0.9988941394093191,
          0.013826686747398563,
          0.04493685555649267,
          0.21277070412674307
        ],
        [
          0.01592552349168109,
          -0.9987825139808941,
          -0.04668905083122781,
          -0.3711454265281452
        ],
        [
          0.04423659068273329,
          0.047353062198704464,
          -0.9978981969846292,
          -4.990842507792939
        ],
        [
          0.0,
          0.0,
          0.0,
          1.0
        ]
      ]
    },
    {
      "file_path": "./12588334_2160_3840_24fps\\images/frame_000038.jpg",
      "sharpness": 1605.0699061629214,
      "transform_matrix": [
        [
          0.9988262955503812,
          0.014420272995614266,
          0.04623945332543312,
          0.2108267477061401
        ],
        [
          0.016640461622061883,
          -0.9987089411129416,
          -0.0479952703718972,
          -0.3664711165994125
        ],
        [
          0.045487650567023516,
          0.04870838395798802,
          -0.9977767119842463,
          -4.954401041647141
        ],
        [
          0.0,
          0.0,
          0.0,
          1.0
        ]
      ]
    },
    {
      "file_path": "./12588334_2160_3840_24fps\\images/frame_000039.jpg",
      "sharpness": 1616.5406274110414,
      "transform_matrix": [
        [
          0.998758689702233,
          0.01496253007866901,
          0.047510024604534,
          0.2093299476142819
        ],
        [
          0.017303363532864584,
          -0.9986367062852486,
          -0.04924756308894788,
          -0.360706908525794
        ],
        [
          0.046708386342583404,
          0.05000851480893323,
          -0.9976559903553313,
          -4.916633929899068
        ],
        [
          0.0,
          0.0,
          0.0,
          1.0
        ]
      ]
    },
    {
      "file_path": "./12588334_2160_3840_24fps\\images/frame_000040.jpg",
      "sharpness": 1581.655377444252,
      "transform_matrix": [
        [
          0.9986940918854389,
          0.015391952160190042,
          0.04871548667330183,
          0.2082883915192312
        ],
        [
          0.017853282988163268,
          -0.9985644963623413,
          -0.050499573178077246,
          -0.35413408802070523
        ],
        [
          0.04786826840050502,
          0.05130335674516669,
          -0.9975352597612855,
          -4.877757869302092
        ],
        [
          0.0,
          0.0,
          0.0,
          1.0
        ]
      ]
    },
    {
      "file_path": "./12588334_2160_3840_24fps\\images/frame_000041.jpg",
      "sharpness": 1596.1175544380742,
      "transform_matrix": [
        [
          0.9986304338372859,
          0.015707580777606128,
          0.04990519532142266,
          0.20779867942556424
        ],
        [
          0.018287497299556005,
          -0.9984968844011746,
          -0.05166758445743325,
          -0.3475242969799198
        ],
        [
          0.04901860928742368,
          0.05250946340672552,
          -0.9974166291957762,
          -4.837765827437434
        ],
        [
          0.0,
          0.0,
          0.0,
          1.0
        ]
      ]
    },
    {
      "file_path": "./12588334_2160_3840_24fps\\images/frame_000042.jpg",
      "sharpness": 1566.0272203600762,
      "transform_matrix": [
        [
          0.9985648607905471,
          0.01610051655207353,
          0.0510782944225017,
          0.20797562487649585
        ],
        [
          0.01880210331581405,
          -0.9984249478915995,
          -0.05285928810113242,
          -0.3424806325739631
        ],
        [
          0.05014678160417493,
          0.05374380703312217,
          -0.9972947926768342,
          -4.796401587558072
        ],
        [
          0.0,
          0.0,
          0.0,
          1.0
        ]
      ]
    },
    {
      "file_path": "./12588334_2160_3840_24fps\\images/frame_000043.jpg",
      "sharpness": 1586.5447553630013,
      "transform_matrix": [
        [
          0.9984990133395834,
          0.016552420559862883,
          0.052208598271625745,
          0.20884806973286904
        ],
        [
          0.01937700831091555,
          -0.9983492153398389,
          -0.05406825112066079,
          -0.3397807607284511
        ],
        [
          0.051227452686984976,
          0.05499874183958717,
          -0.9971714428759305,
          -4.755563936041502
        ],
        [
          0.0,
          0.0,
          0.0,
          1.0
        ]
      ]
    },
    {
      "file_path": "./12588334_2160_3840_24fps\\images/frame_000044.jpg",
      "sharpness": 1639.3340830685947,
      "transform_matrix": [
        [
          0.9984331757352696,
          0.016887846138921404,
          0.053347860725360984,
          0.21094829272087648
        ],
        [
          0.019827981311161955,
          -0.9982854414894925,
          -0.05507293770313329,
          -0.33905958910665135
        ],
        [
          0.052326329398388036,
          0.05604442847346297,
          -0.997056155534268,
          -4.717634033510626
        ],
        [
          0.0,
          0.0,
          0.0,
          1.0
        ]
      ]
    },
    {
      "file_path": "./12588334_2160_3840_24fps\\images/frame_000045.jpg",
      "sharpness": 1623.9673193491246,
      "transform_matrix": [
        [
          0.9983644007067495,
          0.01726696944343725,
          0.0545011483153545,
          0.21370954184778768
        ],
        [
          0.020312992784180486,
          -0.9982331142373344,
          -0.05583934064960304,
          -0.34080316526124815
        ],
        [
          0.0534406748236088,
          0.05685509129596032,
          -0.9969511486868978,
          -4.681164194106701
        ],
        [
          0.0,
          0.0,
          0.0,
          1.0
        ]
      ]
    },
    {
      "file_path": "./12588334_2160_3840_24fps\\images/frame_000046.jpg",
      "sharpness": 1615.0727249238444,
      "transform_matrix": [
        [
          0.9982973317936578,
          0.017644719896922543,
          0.05559767255400999,
          0.21621124112088316
        ],
        [
          0.020794515521842423,
          -0.9981807030297821,
          -0.05659392390691758,
          -0.3444000913477972
        ],
        [
          0.054497939941575986,
          0.05765368989691179,
          -0.996848045884324,
          -4.644503606479061
        ],
        [
          0.0,
          0.0,
          0.0,
          1.0
        ]
      ]
    },
    {
      "file_path": "./12588334_2160_3840_24fps\\images/frame_000047.jpg",
      "sharpness": 1614.8691336262732,
      "transform_matrix": [
        [
          0.9982270622285084,
          0.01804801042833403,
          0.05671861735109936,
          0.21866563514907833
        ],
        [
          0.021296991843398616,
          -0.998134976733183,
          -0.057210194548439085,
          -0.3479385658465707
        ],
        [
          0.055580305622260615,
          0.05831670036470499,
          -0.9967497138627679,
          -4.608122135898468
        ],
        [
          0.0,
          0.0,
          0.0,
          1.0
        ]
      ]
    },
    {
      "file_path": "./12588334_2160_3840_24fps\\images/frame_000048.jpg",
      "sharpness": 1642.5639804181094,
      "transform_matrix": [
        [
          0.9981659994297405,
          0.018293378449226034,
          0.0577060645629265,
          0.2203465219899631
        ],
        [
          0.021627272779117527,
          -0.9981003398717034,
          -0.057688583100362456,
          -0.35083883982556086
        ],
        [
          0.056541123570060844,
          0.05883080700537072,
          -0.9966654591649757,
          -4.5727817061302
        ],
        [
          0.0,
          0.0,
          0.0,
          1.0
        ]
      ]
    },
    {
      "file_path": "./12588334_2160_3840_24fps\\images/frame_000049.jpg",
      "sharpness": 1639.6858427806721,
      "transform_matrix": [
        [
          0.9981010212002743,
          0.018556925461434896,
          0.05873663249104781,
          0.22104383896754656
        ],
        [
          0.02197630853619696,
          -0.9980679542088479,
          -0.05811540797832318,
          -0.3529571370273771
        ],
        [
          0.05754470733344241,
          0.05929586240863541,
          -0.9965804570425435,
          -4.536990720125377
        ],
        [
          0.0,
          0.0,
          0.0,
          1.0
        ]
      ]
    },
    {
      "file_path": "./12588334_2160_3840_24fps\\images/frame_000050.jpg",
      "sharpness": 1620.137762140704,
      "transform_matrix": [
        [
          0.9980376549933592,
          0.018800795149588406,
          0.059727458652613995,
          0.22132892417628613
        ],
        [
          0.022304191294209356,
          -0.9980357572946887,
          -0.05854186717152756,
          -0.35372049469512284
        ],
        [
          0.0585095057752825,
          0.059759160494108975,
          -0.9964966033414121,
          -4.499829338233593
        ],
        [
          0.0,
          0.0,
          0.0,
          1.0
        ]
      ]
    },
    {
      "file_path": "./12588334_2160_3840_24fps\\images/frame_000051.jpg",
      "sharpness": 1590.1557487757907,
      "transform_matrix": [
        [
          0.9979783545941942,
          0.01887719681975465,
          0.060686532292537995,
          0.22134735989126916
        ],
        [
          0.022464009474742214,
          -0.9980066338646519,
          -0.05897564785964624,
          -0.35258072541008706
        ],
        [
          0.05945226690197526,
          0.06021968284850518,
          -0.9964130758665514,
          -4.461604113491161
        ],
        [
          0.0,
          0.0,
          0.0,
          1.0
        ]
      ]
    },
    {
      "file_path": "./12588334_2160_3840_24fps\\images/frame_000052.jpg",
      "sharpness": 1608.1711909617168,
      "transform_matrix": [
        [
          0.9979225414373449,
          0.01907816569706595,
          0.06153555789026439,
          0.22097814325454962
        ],
        [
          0.02273525322595794,
          -0.9979819491941908,
          -0.0592885937033022,
          -0.34964221093301306
        ],
        [
          0.0602802583934604,
          0.060564450597681244,
          -0.9963424299766717,
          -4.423208606892717
        ],
        [
          0.0,
          0.0,
          0.0,
          1.0
        ]
      ]
    },
    {
      "file_path": "./12588334_2160_3840_24fps\\images/frame_000053.jpg",
      "sharpness": 1596.7491304164535,
      "transform_matrix": [
        [
          0.9978759404696905,
          0.019021018083180075,
          0.062304159594766685,
          0.2203978011587458
        ],
        [
          0.022737901801695225,
          -0.997969194561874,
          -0.059501886753118634,
          -0.34474252729171456
        ],
        [
          0.06104584550472935,
          0.060792167066192226,
          -0.9962819466245533,
          -4.38539958112277
        ],
        [
          0.0,
          0.0,
          0.0,
          1.0
        ]
      ]
    },
    {
      "file_path": "./12588334_2160_3840_24fps\\images/frame_000054.jpg",
      "sharpness": 1653.5092225973729,
      "transform_matrix": [
        [
          0.9978319350523572,
          0.018756610213473964,
          0.0630842211885691,
          0.21931297527444515
        ],
        [
          0.02252517876813712,
          -0.9979700686386158,
          -0.05956809903714984,
          -0.33865404951867234
        ],
        [
          0.06183886893477251,
          0.06085993488935089,
          -0.9962289007121465,
          -4.34739966286404
        ],
        [
          0.0,
          0.0,
          0.0,
          1.0
        ]
      ]
    },
    {
      "file_path": "./12588334_2160_3840_24fps\\images/frame_000055.jpg",
      "sharpness": 1658.2421264760483,
      "transform_matrix": [
        [
          0.9977901222873918,
          0.018382076261777434,
          0.06385116395194122,
          0.21756744179767912
        ],
        [
          0.02220386193714131,
          -0.9979711695650402,
          -0.0596702038882249,
          -0.3327637176687213
        ],
        [
          0.06262475852877876,
          0.06095608246346021,
          -0.9961739284030274,
          -4.3080945972463285
        ],
        [
          0.0,
          0.0,
          0.0,
          1.0
        ]
      ]
    },
    {
      "file_path": "./12588334_2160_3840_24fps\\images/frame_000056.jpg",
      "sharpness": 1657.6249921030135,
      "transform_matrix": [
        [
          0.9977529209607807,
          0.017940896472700505,
          0.06455410868400288,
          0.21585018571312278
        ],
        [
          0.021810266704871503,
          -0.9979754691069823,
          -0.05974341241476764,
          -0.3275234336404874
        ],
        [
          0.06335156651964172,
          0.06101710657229234,
          -0.996124235085691,
          -4.267480425014436
        ],
        [
          0.0,
          0.0,
          0.0,
          1.0
        ]
      ]
    },
    {
      "file_path": "./12588334_2160_3840_24fps\\images/frame_000057.jpg",
      "sharpness": 1652.4807505314807,
      "transform_matrix": [
        [
          0.9977212149304779,
          0.01745794888113619,
          0.0651735935675984,
          0.21404456701244215
        ],
        [
          0.021368136719184985,
          -0.9979822518909144,
          -0.059789862383932184,
          -0.3231582757648979
        ],
        [
          0.06399828131130623,
          0.06104625239605595,
          -0.9960811086741863,
          -4.227234914603913
        ],
        [
          0.0,
          0.0,
          0.0,
          1.0
        ]
      ]
    },
    {
      "file_path": "./12588334_2160_3840_24fps\\images/frame_000058.jpg",
      "sharpness": 1653.0288261950357,
      "transform_matrix": [
        [
          0.9976929768336492,
          0.0169092522770645,
          0.0657480126257977,
          0.2124160579888986
        ],
        [
          0.020846801457967953,
          -0.9980003760829234,
          -0.059671267854099735,
          -0.3195418812901917
        ],
        [
          0.06460754480541364,
          0.060904240622260776,
          -0.9960504699202958,
          -4.187863191761715
        ],
        [
          0.0,
          0.0,
          0.0,
          1.0
        ]
      ]
    },
    {
      "file_path": "./12588334_2160_3840_24fps\\images/frame_000059.jpg",
      "sharpness": 1668.9228781710779,
      "transform_matrix": [
        [
          0.9976702774286728,
          0.01618175412525596,
          0.06627343637404659,
          0.21052599633018143
        ],
        [
          0.020136403593071756,
          -0.998028450818461,
          -0.059445240408629,
          -0.3176029129893635
        ],
        [
          0.06518084677059639,
          0.06064125815261861,
